xflr5 v6.61

Plane name :        retangular
Polar name :        T1-10.0 m/s-VLM1-Inviscid
Freestream speed :  10.000 m/s


   alpha      Beta       CL          CDi        CDv        CD         CY         Cl         Cm         Cn        Cni       QInf        XCP
    0.000     0.000   0.000000   0.000000   0.000000   0.000000   0.000000   0.000000   0.000000   0.000000   0.000000   10.0000     0.0000
    1.000     0.000   0.086779   0.000238   0.000000   0.000238  -0.000000  -0.000000  -0.021230   0.000000   0.000000   10.0000     0.2447
    2.000     0.000   0.173506   0.000950   0.000000   0.000950  -0.000000  -0.000000  -0.042435  -0.000000  -0.000000   10.0000     0.2447
    3.000     0.000   0.260130   0.002135   0.000000   0.002135  -0.000000  -0.000000  -0.063587   0.000000   0.000000   10.0000     0.2448
    4.000     0.000   0.346601   0.003789   0.000000   0.003789  -0.000000  -0.000000  -0.084662   0.000000   0.000000   10.0000     0.2449
    5.000     0.000   0.432868   0.005907   0.000000   0.005907  -0.000000   0.000000  -0.105634  -0.000000  -0.000000   10.0000     0.2450


